0.026955   4
0.030091   4
0.033611   4
0.037220   4
0.042092   4
0.045719   4
0.052444   4
0.056649   4
0.064445   4
0.069793   4
0.080904   4
0.085524   4
0.099731   4
0.106834   4
0.143201   4
0.152201   4
0.208374   4
0.212876   4
0.266827   4
0.269060   4
0.345235   4
0.361676   4
0.419347   4
0.473808   4
0.516918   4
0.551910   4
0.668435   0
0.736008   3
0.757933   0
0.943900   1
0.025142   4
0.029885   4
0.032133   4
0.037284   4
0.040953   4
0.045968   4
0.051533   4
0.057017   4
0.063737   4
0.070339   4
0.080366   4
0.086119   4
0.099254   4
0.107562   4
0.121484   4
0.131284   4
0.155049   4
0.161324   4
0.186687   4
0.203749   4
0.301517   4
0.315665   4
0.417475   4
0.419643   4
0.510414   4
0.513207   4
0.675187   0
0.725304   3
0.765588   0
0.905000   2
0.021124   1
0.027884   1
0.028298   1
0.036101   1
0.037707   1
0.045520   1
0.048863   1
0.057034   1
0.061675   1
0.070734   1
0.078830   1
0.086694   1
0.097941   1
0.108305   1
0.120561   1
0.132419   1
0.154281   1
0.162265   1
0.185954   1
0.205268   1
0.229891   1
0.244486   1
0.299539   1
0.306964   1
0.341680   1
0.389149   1
0.682007   3
0.687180   3
0.773322   3
0.775000   3
0.034854   4
0.035206   4
0.046474   4
0.047163   4
0.060169   4
0.062844   4
0.075867   4
0.081438   4
0.095057   4
0.102792   4
0.117890   4
0.131383   4
0.144491   4
0.163235   4
0.180508   4
0.200935   4
0.220698   4
0.257136   4
0.270442   4
0.309924   4
0.342114   4
0.383151   4
0.407477   4
0.499232   4
0.511607   4
0.569467   4
0.648582   0
0.740832   3
0.743594   3
0.966434   1
0.027830   4
0.028393   4
0.036232   4
0.036880   4
0.050610   4
0.051253   4
0.069366   4
0.069911   4
0.091069   4
0.092804   4
0.116237   4
0.123602   4
0.144465   4
0.156807   4
0.181292   4
0.196500   4
0.222519   4
0.253594   4
0.272125   4
0.306654   4
0.344708   4
0.381488   4
0.411316   4
0.496946   4
0.513355   4
0.567849   4
0.655133   0
0.740381   3
0.743759   3
0.964299   1
0.027582   4
0.028377   4
0.034116   4
0.034921   4
0.042483   4
0.043326   4
0.052766   4
0.053810   4
0.071115   4
0.072273   4
0.102357   4
0.103397   4
0.137128   4
0.137904   4
0.177438   4
0.182381   4
0.222532   4
0.242790   4
0.273253   4
0.297382   4
0.347022   4
0.376784   4
0.415456   4
0.490862   4
0.515329   4
0.563565   4
0.661750   0
0.739193   3
0.750353   0
0.958682   1
0.026781   4
0.028242   4
0.033529   4
0.034859   4
0.042056   4
0.043299   4
0.052430   4
0.053800   4
0.064440   4
0.065761   4
0.080902   4
0.082401   4
0.099730   4
0.101733   4
0.143201   4
0.145171   4
0.208374   4
0.209947   4
0.266827   4
0.267768   4
0.345235   4
0.360602   4
0.419347   4
0.473808   4
0.516918   4
0.551806   4
0.668435   0
0.736008   3
0.757933   0
0.943900   1
0.024004   4
0.027307   4
0.031509   4
0.034365   4
0.040647   4
0.043067   4
0.051397   4
0.053699   4
0.063680   4
0.065720   4
0.080345   4
0.082387   4
0.099247   4
0.101728   4
0.121481   4
0.123477   4
0.155048   4
0.158042   4
0.186686   4
0.190454   4
0.301517   4
0.304611   4
0.417475   4
0.419639   4
0.510414   4
0.511118   4
0.675187   0
0.725304   3
0.765588   0
0.905000   2
0.015643   1
0.022452   1
0.024613   1
0.031274   1
0.035586   1
0.041353   1
0.047751   1
0.052821   1
0.061135   1
0.065321   1
0.078612   1
0.082229   1
0.097855   1
0.101668   1
0.120531   1
0.123457   1
0.154274   1
0.158037   1
0.185951   1
0.190452   1
0.229890   1
0.232303   1
0.299539   1
0.306883   1
0.341680   1
0.347368   1
0.682007   3
0.687179   3
0.773322   3
0.775000   3
0.023878   4
0.026072   4
0.037420   4
0.041022   4
0.052123   4
0.059310   4
0.068921   4
0.079585   4
0.088035   4
0.101891   4
0.108868   4
0.131020   4
0.137048   4
0.163092   4
0.169446   4
0.200885   4
0.205762   4
0.257123   4
0.263395   4
0.309919   4
0.317420   4
0.383150   4
0.387172   4
0.499232   4
0.511471   4
0.569467   4
0.578947   4
0.740832   3
0.743590   3
0.966434   1
0.002430   4
0.002430   4
0.012555   4
0.013365   4
0.030848   4
0.033952   4
0.053482   4
0.058208   4
0.078073   4
0.086006   4
0.103543   4
0.120371   4
0.134539   4
0.155272   4
0.168323   4
0.195909   4
0.205366   4
0.253414   4
0.263266   4
0.306583   4
0.317378   4
0.381478   4
0.387165   4
0.496942   4
0.511469   4
0.567848   4
0.578947   4
0.740381   3
0.743590   3
0.964299   1
0.000000   0
0.000000   0
0.000000   0
0.000000   0
0.000000   0
0.000000   0
0.008100   4
0.008100   4
0.035100   4
0.037800   4
0.073575   4
0.081675   4
0.115612   4
0.124612   4
0.158050   4
0.176544   4
0.201172   4
0.240503   4
0.261550   4
0.296386   4
0.316777   4
0.376617   4
0.387045   4
0.490783   4
0.511424   4
0.563559   4
0.578944   4
0.739192   3
0.743589   3
0.958682   1
0.000000   0
0.000000   0
0.000000   0
0.000000   0
0.000000   0
0.000000   0
0.000000   0
0.000000   0
0.000000   0
0.000000   0
0.000000   0
0.000000   0
0.027000   4
0.027000   4
0.094500   4
0.103500   4
0.166500   4
0.186000   4
0.242125   4
0.255875   4
0.309312   4
0.358000   4
0.385062   4
0.472344   4
0.510594   4
0.551688   4
0.578875   4
0.735984   3
0.743578   3
0.943900   1
0.000000   0
0.000000   0
0.000000   0
0.000000   0
0.000000   0
0.000000   0
0.000000   0
0.000000   0
0.000000   0
0.000000   0
0.000000   0
0.000000   0
0.000000   0
0.000000   0
0.000000   0
0.000000   0
0.000000   0
0.000000   0
0.090000   4
0.090000   4
0.240000   4
0.270000   4
0.355000   4
0.395000   4
0.496250   4
0.508750   4
0.577500   4
0.724375   3
0.743125   3
0.905000   2
0.000000   0
0.000000   0
0.000000   0
0.000000   0
0.000000   0
0.000000   0
0.000000   0
0.000000   0
0.000000   0
0.000000   0
0.000000   0
0.000000   0
0.000000   0
0.000000   0
0.000000   0
0.000000   0
0.000000   0
0.000000   0
0.000000   0
0.000000   0
0.000000   0
0.000000   0
0.000000   0
0.000000   0
0.300000   4
0.300000   4
0.550000   4
0.650000   3
0.725000   3
0.775000   3
0.000000   0
0.000000   0
0.000000   0
0.000000   0
0.000000   0
0.000000   0
0.000000   0
0.000000   0
0.000000   0
0.000000   0
0.000000   0
0.000000   0
0.000000   0
0.000000   0
0.000000   0
0.000000   0
0.000000   0
0.000000   0
0.000000   0
0.000000   0
0.000000   0
0.000000   0
0.000000   0
0.000000   0
0.000000   0
0.000000   0
0.000000   0
0.000000   0
0.000000   0
0.000000   0
0.000000   0
0.000000   0
0.000000   0
0.000000   0
0.000000   0
0.000000   0
0.000000   0
0.000000   0
0.000000   0
0.000000   0
0.000000   0
0.000000   0
0.000000   0
0.000000   0
0.000000   0
0.000000   0
0.000000   0
0.000000   0
0.000000   0
0.000000   0
0.000000   0
0.000000   0
0.000000   0
0.000000   0
0.000000   0
0.000000   0
0.000000   0
0.000000   0
0.000000   0
0.000000   0
0.000000   0
0.000000   0
0.000000   0
0.000000   0
0.000000   0
0.000000   0
0.000000   0
0.000000   0
0.000000   0
0.000000   0
0.000000   0
0.000000   0
0.000000   0
0.000000   0
0.000000   0
0.000000   0
0.000000   0
0.000000   0
0.000000   0
0.000000   0
0.000000   0
0.000000   0
0.000000   0
0.000000   0
0.000000   0
0.000000   0
0.000000   0
0.000000   0
0.000000   0
0.000000   0
0.000000   0
0.000000   0
0.000000   0
0.000000   0
0.000000   0
0.000000   0
0.000000   0
0.000000   0
0.000000   0
0.000000   0
0.000000   0
0.000000   0
0.000000   0
0.000000   0
0.000000   0
0.000000   0
0.000000   0
0.000000   0
0.000000   0
0.000000   0
0.000000   0
0.000000   0
0.000000   0
0.000000   0
0.000000   0
0.000000   0
0.000000   0
0.000000   0
0.000000   0
0.000000   0
0.000000   0
0.000000   0
0.000000   0
0.000000   0
0.000000   0
0.000000   0
0.000000   0
0.000000   0
0.000000   0
0.000000   0
0.000000   0
0.000000   0
0.000000   0
0.000000   0
0.000000   0
0.000000   0
0.000000   0
0.000000   0
0.000000   0
0.000000   0
0.000000   0
0.000000   0
0.000000   0
0.000000   0
0.000000   0
0.000000   0
0.000000   0
0.000000   0
0.000000   0
0.000000   0
0.000000   0
0.000000   0
0.000000   0
0.000000   0
0.000000   0
0.000000   0
0.000000   0
0.000000   0
0.000000   0
0.000000   0
0.000000   0
0.000000   0
0.000000   0
0.000000   0
0.000000   0
0.000000   0
0.000000   0
0.000000   0
0.000000   0
0.000000   0
0.000000   0
0.000000   0
0.000000   0
0.000000   0
0.000000   0
0.000000   0
0.000000   0
0.000000   0
0.000000   0
0.000000   0
0.000000   0
0.000000   0
0.000000   0
0.000000   0
0.000000   0
0.000000   0
0.000000   0
0.000000   0
0.000000   0
0.000000   0
0.000000   0
0.000000   0
0.000000   0
0.000000   0
0.000000   0
0.000000   0
0.000000   0
0.000000   0
0.000000   0
0.000000   0
0.000000   0
0.000000   0
0.000000   0
0.000000   0
0.000000   0
0.000000   0
0.000000   0
0.000000   0
0.000000   0
0.000000   0
0.000000   0
0.000000   0
0.000000   0
0.000000   0
0.000000   0
0.000000   0
0.000000   0
0.000000   0
0.000000   0
0.000000   0
0.000000   0
0.000000   0
0.000000   0
0.000000   0
0.000000   0
0.000000   0
0.000000   0
0.000000   0
0.000000   0
0.000000   0
0.000000   0
0.000000   0
0.000000   0
0.000000   0
0.000000   0
0.000000   0
0.000000   0
0.000000   0
0.000000   0
0.000000   0
0.000000   0
0.000000   0
0.000000   0
0.000000   0
0.000000   0
0.000000   0
0.000000   0
0.000000   0
0.000000   0
0.000000   0
0.000000   0
0.000000   0
0.000000   0
0.000000   0
0.000000   0
0.000000   0
0.000000   0
0.000000   0
0.000000   0
0.000000   0
0.000000   0
0.000000   0
0.000000   0
0.000000   0
0.000000   0
0.000000   0
0.000000   0
0.000000   0
0.000000   0
0.000000   0
0.000000   0
0.000000   0
0.000000   0
0.000000   0
0.000000   0
0.000000   0
0.000000   0
0.000000   0
0.000000   0
0.000000   0
0.000000   0
0.000000   0
0.000000   0
0.000000   0
0.000000   0
0.000000   0
0.000000   0
0.000000   0
0.000000   0
0.000000   0
0.000000   0
0.000000   0
0.000000   0
0.000000   0
0.000000   0
0.000000   0
0.000000   0
0.000000   0
0.000000   0
0.000000   0
0.000000   0
0.000000   0
0.000000   0
0.000000   0
0.000000   0
0.000000   0
0.000000   0
0.000000   0
0.000000   0
0.000000   0
0.000000   0
0.000000   0
0.000000   0
0.000000   0
0.000000   0
0.000000   0
0.000000   0
0.000000   0
0.000000   0
0.000000   0
0.000000   0
0.000000   0
0.000000   0
0.000000   0
0.000000   0
0.000000   0
0.000000   0
0.000000   0
0.000000   0
0.000000   0
0.000000   0
0.000000   0
0.000000   0
0.000000   0
0.000000   0
0.000000   0
0.000000   0
0.000000   0
0.000000   0
0.000000   0
0.000000   0
0.000000   0
0.000000   0
0.000000   0
0.000000   0
0.000000   0
0.000000   0
0.000000   0
0.000000   0
0.000000   0
0.000000   0
0.000000   0
0.000000   0
0.000000   0
0.000000   0
0.000000   0
0.000000   0
0.000000   0
0.000000   0
0.000000   0
0.000000   0
0.000000   0
0.000000   0
0.000000   0
0.000000   0
0.000000   0
0.000000   0
0.000000   0
0.000000   0
0.000000   0
0.000000   0
0.000000   0
0.000000   0
0.000000   0
0.000000   0
0.000000   0
0.000000   0
0.000000   0
0.000000   0
0.000000   0
0.000000   0
0.000000   0
0.000000   0
0.000000   0
0.000000   0
0.000000   0
0.000000   0
0.000000   0
0.000000   0
0.000000   0
0.000000   0
0.000000   0
0.000000   0
0.000000   0
0.000000   0
0.000000   0
0.000000   0
0.000000   0
0.000000   0
0.000000   0
0.000000   0
0.000000   0
0.000000   0
0.000000   0
0.000000   0
0.000000   0
0.000000   0
0.000000   0
0.000000   0
0.000000   0
0.000000   0
0.000000   0
0.000000   0
0.000000   0
0.000000   0
0.000000   0
0.000000   0
0.000000   0
0.000000   0
0.000000   0
0.000000   0
0.000000   0
0.000000   0
0.000000   0
0.000000   0
0.000000   0
0.000000   0
0.000000   0
0.000000   0
0.000000   0
0.000000   0
0.000000   0
0.000000   0
0.000000   0
0.000000   0
0.000000   0
0.000000   0
0.000000   0
0.000000   0
0.000000   0
0.000000   0
0.000000   0
0.000000   0
0.000000   0
0.000000   0
0.000000   0
0.000000   0
0.000000   0
0.000000   0
0.000000   0
0.000000   0
0.000000   0
