0.001110   4
0.000007   0
0.001849   3
0.000301   3
0.003316   3
0.001476   1
0.003501   3
0.000000   2
0.000894   4
0.000000   0
0.005846   0
0.027373   4
0.000472   2
0.000000   1
0.000000   0
0.021140   1
0.000000   1
0.044433   0
0.000182   1
0.010283   4
0.003140   3
0.045570   0
0.067718   3
0.038168   0
0.066672   2
0.401241   3
0.132010   0
0.022122   1
0.743469   3
0.794844   3
0.000000   3
0.000007   0
0.000000   1
0.000373   1
0.000000   1
0.003884   0
0.003698   2
0.000000   4
0.006078   3
0.000000   3
0.005905   2
0.000000   4
0.002362   2
0.000000   0
0.000000   0
0.055632   4
0.000000   0
0.044882   4
0.000480   1
0.012894   4
0.000000   1
0.046030   2
0.041872   2
0.038553   0
0.000000   1
0.000000   1
0.133343   1
0.058217   1
0.738750   3
0.793750   3
0.000017   2
0.000007   3
0.000000   0
0.000981   3
0.000000   4
0.003924   1
0.001239   2
0.000000   4
0.006901   3
0.000000   4
0.000000   4
0.000000   4
0.011811   3
0.000000   4
0.000000   4
0.000000   4
0.000000   0
0.000000   4
0.001263   3
0.063174   2
0.000000   0
0.132796   1
0.209362   1
0.038943   3
0.000000   0
0.000000   0
0.350903   1
0.153202   2
0.550000   4
0.750000   2
0.001982   0
0.000066   3
0.000135   2
0.000068   2
0.000000   0
0.000047   1
0.006539   0
0.004955   2
0.009298   2
0.008261   3
0.006632   2
0.043255   3
0.009216   2
0.003652   1
0.047857   2
0.077521   3
0.018871   3
0.016012   3
0.037421   2
0.015299   3
0.252697   4
0.003319   1
0.221326   2
0.348937   3
0.119878   1
0.348389   2
0.219657   1
0.584839   4
0.612807   2
0.789762   3
0.002002   0
0.000078   3
0.000674   2
0.000033   3
0.000000   0
0.000123   0
0.006605   0
0.009191   3
0.009663   2
0.006233   3
0.014730   0
0.043999   4
0.007372   0
0.009610   0
0.015483   2
0.082868   3
0.089522   2
0.023766   3
0.166304   0
0.147334   0
0.008320   0
0.008735   3
0.317958   0
0.021920   2
0.315469   2
0.000000   0
0.578046   4
0.696777   3
0.564034   4
0.590481   0
0.002022   4
0.000369   3
0.003370   3
0.000090   4
0.000000   1
0.000125   3
0.006672   0
0.000042   0
0.011120   0
0.000080   1
0.014879   0
0.018369   4
0.007446   1
0.009708   3
0.008290   1
0.061690   0
0.027649   0
0.092195   4
0.167984   3
0.148822   3
0.008404   1
0.020599   0
0.321170   0
0.109602   1
0.175071   2
0.000000   0
0.560911   3
0.081747   1
0.280673   1
0.596445   4
0.000000   0
0.000453   0
0.000000   3
0.000322   2
0.000000   3
0.000667   2
0.006739   4
0.000043   3
0.011232   3
0.000209   0
0.015029   3
0.000000   0
0.019595   4
0.015337   2
0.021816   3
0.062313   4
0.027929   0
0.009301   2
0.164733   3
0.121937   3
0.022116   1
0.020807   3
0.324414   4
0.288427   3
0.323889   3
0.000000   1
0.220586   1
0.215125   1
0.738612   3
0.928900   2
0.000000   2
0.000457   4
0.000000   3
0.000000   1
0.000000   2
0.000643   3
0.000000   1
0.001077   4
0.000000   2
0.000212   2
0.000000   0
0.000000   1
0.022465   0
0.014853   4
0.026688   0
0.024733   3
0.028211   2
0.000000   0
0.038065   0
0.018603   1
0.058199   1
0.188085   0
0.318832   3
0.214731   0
0.324115   3
0.000000   0
0.580488   4
0.566117   4
0.544500   0
0.894500   1
0.000000   3
0.000000   4
0.000000   3
0.000000   2
0.000000   1
0.000000   1
0.000000   2
0.001524   1
0.000000   4
0.001058   2
0.000000   4
0.000000   4
0.022692   2
0.003337   3
0.026958   3
0.010236   1
0.044930   2
0.000000   4
0.038450   3
0.048954   3
0.153156   1
0.189985   1
0.152071   1
0.216900   1
0.135284   2
0.000000   0
0.609768   3
0.322346   1
0.550000   4
0.775000   3
0.000000   1
0.000000   1
0.000000   2
0.000000   0
0.000000   0
0.000000   2
0.000000   4
0.000000   0
0.002539   4
0.000000   3
0.004232   3
0.000000   0
0.000000   0
0.090767   3
0.015550   3
0.000000   0
0.017061   3
0.179719   0
0.020784   2
0.003208   1
0.029156   0
0.255261   4
0.316642   0
0.253452   3
0.361500   4
0.541135   4
0.219828   1
0.414963   0
0.537244   2
0.593464   4
0.000000   4
0.000000   2
0.000000   4
0.000000   3
0.000000   2
0.000000   3
0.000000   0
0.000000   0
0.000000   0
0.000000   3
0.000000   4
0.000000   4
0.000000   2
0.000000   2
0.008464   4
0.000000   1
0.002539   3
0.181534   3
0.030296   3
0.008443   1
0.029450   2
0.209025   2
0.319840   3
0.326246   2
0.298910   3
0.476253   4
0.578493   4
0.419154   2
0.186219   1
0.869289   2
0.000000   0
0.000000   3
0.000000   0
0.000000   2
0.000000   4
0.000000   3
0.000000   2
0.000000   1
0.000000   2
0.000000   1
0.000000   4
0.000000   1
0.000000   0
0.000000   0
0.000000   0
0.000000   0
0.000000   0
0.000000   1
0.033858   0
0.022219   3
0.000000   1
0.359735   4
0.058900   1
0.274156   2
0.445775   4
0.542829   0
0.569869   0
0.604659   2
0.490050   0
0.596445   4
0.000000   4
0.000000   4
0.000000   1
0.000000   1
0.000000   4
0.000000   1
0.000000   1
0.000000   3
0.000000   1
0.000000   3
0.000000   3
0.000000   1
0.000000   1
0.000000   1
0.000000   0
0.000000   3
0.000000   0
0.000000   4
0.034200   1
0.148125   4
0.000000   0
0.246875   3
0.155000   2
0.000000   1
0.440500   4
0.548312   4
0.575625   4
0.701044   0
0.495000   0
0.928900   2
0.000000   0
0.000000   3
0.000000   3
0.000000   4
0.000000   1
0.000000   4
0.000000   3
0.000000   3
0.000000   3
0.000000   4
0.000000   2
0.000000   1
0.000000   2
0.000000   2
0.000000   1
0.000000   3
0.000000   3
0.000000   4
0.090000   4
0.000000   2
0.000000   1
0.000000   1
0.000000   0
0.000000   0
0.310000   2
0.493750   4
0.512500   3
0.708125   3
0.500000   2
0.894500   1
0.000000   0
0.000000   4
0.000000   1
0.000000   4
0.000000   4
0.000000   2
0.000000   0
0.000000   0
0.000000   3
0.000000   1
0.000000   1
0.000000   0
0.000000   4
0.000000   3
0.000000   3
0.000000   4
0.000000   3
0.000000   4
0.000000   3
0.000000   0
0.000000   3
0.000000   3
0.000000   1
0.000000   3
0.300000   4
0.000000   0
0.500000   3
0.000000   0
0.000000   0
0.775000   3
0.000000   0
0.000000   0
0.000000   0
0.000000   0
0.000000   0
0.000000   0
0.000000   0
0.000000   0
0.000000   0
0.000000   0
0.000000   0
0.000000   0
0.000000   0
0.000000   0
0.000000   0
0.000000   0
0.000000   0
0.000000   0
0.000000   0
0.000000   0
0.000000   0
0.000000   0
0.000000   0
0.000000   0
0.000000   0
0.000000   0
0.000000   0
0.000000   0
0.000000   0
0.000000   0
0.000000   0
0.000000   0
0.000000   0
0.000000   0
0.000000   0
0.000000   0
0.000000   0
0.000000   0
0.000000   0
0.000000   0
0.000000   0
0.000000   0
0.000000   0
0.000000   0
0.000000   0
0.000000   0
0.000000   0
0.000000   0
0.000000   0
0.000000   0
0.000000   0
0.000000   0
0.000000   0
0.000000   0
0.000000   0
0.000000   0
0.000000   0
0.000000   0
0.000000   0
0.000000   0
0.000000   0
0.000000   0
0.000000   0
0.000000   0
0.000000   0
0.000000   0
0.000000   0
0.000000   0
0.000000   0
0.000000   0
0.000000   0
0.000000   0
0.000000   0
0.000000   0
0.000000   0
0.000000   0
0.000000   0
0.000000   0
0.000000   0
0.000000   0
0.000000   0
0.000000   0
0.000000   0
0.000000   0
0.000000   0
0.000000   0
0.000000   0
0.000000   0
0.000000   0
0.000000   0
0.000000   0
0.000000   0
0.000000   0
0.000000   0
0.000000   0
0.000000   0
0.000000   0
0.000000   0
0.000000   0
0.000000   0
0.000000   0
0.000000   0
0.000000   0
0.000000   0
0.000000   0
0.000000   0
0.000000   0
0.000000   0
0.000000   0
0.000000   0
0.000000   0
0.000000   0
0.000000   0
0.000000   0
0.000000   0
0.000000   0
0.000000   0
0.000000   0
0.000000   0
0.000000   0
0.000000   0
0.000000   0
0.000000   0
0.000000   0
0.000000   0
0.000000   0
0.000000   0
0.000000   0
0.000000   0
0.000000   0
0.000000   0
0.000000   0
0.000000   0
0.000000   0
0.000000   0
0.000000   0
0.000000   0
0.000000   0
0.000000   0
0.000000   0
0.000000   0
0.000000   0
0.000000   0
0.000000   0
0.000000   0
0.000000   0
0.000000   0
0.000000   0
0.000000   0
0.000000   0
0.000000   0
0.000000   0
0.000000   0
0.000000   0
0.000000   0
0.000000   0
0.000000   0
0.000000   0
0.000000   0
0.000000   0
0.000000   0
0.000000   0
0.000000   0
0.000000   0
0.000000   0
0.000000   0
0.000000   0
0.000000   0
0.000000   0
0.000000   0
0.000000   0
0.000000   0
0.000000   0
0.000000   0
0.000000   0
0.000000   0
0.000000   0
0.000000   0
0.000000   0
0.000000   0
0.000000   0
0.000000   0
0.000000   0
0.000000   0
0.000000   0
0.000000   0
0.000000   0
0.000000   0
0.000000   0
0.000000   0
0.000000   0
0.000000   0
0.000000   0
0.000000   0
0.000000   0
0.000000   0
0.000000   0
0.000000   0
0.000000   0
0.000000   0
0.000000   0
0.000000   0
0.000000   0
0.000000   0
0.000000   0
0.000000   0
0.000000   0
0.000000   0
0.000000   0
0.000000   0
0.000000   0
0.000000   0
0.000000   0
0.000000   0
0.000000   0
0.000000   0
0.000000   0
0.000000   0
0.000000   0
0.000000   0
0.000000   0
0.000000   0
0.000000   0
0.000000   0
0.000000   0
0.000000   0
0.000000   0
0.000000   0
0.000000   0
0.000000   0
0.000000   0
0.000000   0
0.000000   0
0.000000   0
0.000000   0
0.000000   0
0.000000   0
0.000000   0
0.000000   0
0.000000   0
0.000000   0
0.000000   0
0.000000   0
0.000000   0
0.000000   0
0.000000   0
0.000000   0
0.000000   0
0.000000   0
0.000000   0
0.000000   0
0.000000   0
0.000000   0
0.000000   0
0.000000   0
0.000000   0
0.000000   0
0.000000   0
0.000000   0
0.000000   0
0.000000   0
0.000000   0
0.000000   0
0.000000   0
0.000000   0
0.000000   0
0.000000   0
0.000000   0
0.000000   0
0.000000   0
0.000000   0
0.000000   0
0.000000   0
0.000000   0
0.000000   0
0.000000   0
0.000000   0
0.000000   0
0.000000   0
0.000000   0
0.000000   0
0.000000   0
0.000000   0
0.000000   0
0.000000   0
0.000000   0
0.000000   0
0.000000   0
0.000000   0
0.000000   0
0.000000   0
0.000000   0
0.000000   0
0.000000   0
0.000000   0
0.000000   0
0.000000   0
0.000000   0
0.000000   0
0.000000   0
0.000000   0
0.000000   0
0.000000   0
0.000000   0
0.000000   0
0.000000   0
0.000000   0
0.000000   0
0.000000   0
0.000000   0
0.000000   0
0.000000   0
0.000000   0
0.000000   0
0.000000   0
0.000000   0
0.000000   0
0.000000   0
0.000000   0
0.000000   0
0.000000   0
0.000000   0
0.000000   0
0.000000   0
0.000000   0
0.000000   0
0.000000   0
0.000000   0
0.000000   0
0.000000   0
0.000000   0
0.000000   0
0.000000   0
0.000000   0
0.000000   0
0.000000   0
0.000000   0
0.000000   0
0.000000   0
0.000000   0
0.000000   0
0.000000   0
0.000000   0
0.000000   0
0.000000   0
0.000000   0
0.000000   0
0.000000   0
0.000000   0
0.000000   0
0.000000   0
0.000000   0
0.000000   0
0.000000   0
0.000000   0
0.000000   0
0.000000   0
0.000000   0
0.000000   0
0.000000   0
0.000000   0
0.000000   0
0.000000   0
0.000000   0
0.000000   0
0.000000   0
0.000000   0
0.000000   0
0.000000   0
0.000000   0
0.000000   0
0.000000   0
0.000000   0
0.000000   0
0.000000   0
0.000000   0
0.000000   0
0.000000   0
0.000000   0
0.000000   0
0.000000   0
0.000000   0
0.000000   0
0.000000   0
0.000000   0
0.000000   0
0.000000   0
0.000000   0
0.000000   0
0.000000   0
0.000000   0
0.000000   0
0.000000   0
0.000000   0
0.000000   0
0.000000   0
0.000000   0
0.000000   0
0.000000   0
0.000000   0
0.000000   0
0.000000   0
0.000000   0
0.000000   0
0.000000   0
0.000000   0
0.000000   0
0.000000   0
0.000000   0
0.000000   0
0.000000   0
0.000000   0
0.000000   0
0.000000   0
0.000000   0
0.000000   0
0.000000   0
0.000000   0
0.000000   0
0.000000   0
0.000000   0
0.000000   0
0.000000   0
0.000000   0
0.000000   0
0.000000   0
0.000000   0
0.000000   0
0.000000   0
0.000000   0
0.000000   0
0.000000   0
0.000000   0
0.000000   0
0.000000   0
0.000000   0
0.000000   0
0.000000   0
0.000000   0
0.000000   0
0.000000   0
0.000000   0
0.000000   0
0.000000   0
0.000000   0
0.000000   0
0.000000   0
0.000000   0
0.000000   0
0.000000   0
0.000000   0
0.000000   0
